$ANSIBLE_VAULT;1.1;AES256
63333732663764333237616233653436356236626436633437613535643961383964316536623165
3931316361636565303363373830623636333330346532380a643935346638313431623037366666
37343463653962643839373863663963356436313330306630623063643437666565356534626532
3130333261303735640a633835633963336436363231626237666161323630323263303763366365
64643935323035646663396434396336373462323966353532386463663163383435633761323030
30333161316465323335353533323962353938383330633762616230323530656264656166363463
63333965346138653939616439663230303832613534663139373433326162633133373236643733
63313663333466363834376137613263346661393732333932333866643939633131393064366463
39383335376437643038663063396238633234313235623466366632316339356266376635376336
32636638636633633830373161383532643836363739313861333937663831386661646164313161
38623738373633363363393364333864646362363365303962366331626638316362393632326133
61616363616436373838636439323237313537393932633639633931383764363932313433326231
34356166363434366666313636393334656564613838386665313134616131663635336138396236
39393731333635306533613765343232366232613232623733653331656132633863613131363136
64643565366535663635333163363332333133646135383336333266383566613866663861306666
33333232343834316262613633313636373334353065613634396234623033316265386336653030
30363466336663636265386165633837613239376433613237616563323534303966346564373533
39383132636133363639373031393732303832623562616466323838363939666337383233323731
33363566643432323765386665623738653435386337663362386562656334643565616462653133
65623861653632396331396130316131636637313062336561393236383063643764636434356330
64663633363161373539663064366562663362333961663533396431616164306266346534313932
65653639366637313731346464393333303162643037356131646163366533623664356137336539
63333730653436363966346239323265343962666537643964363566633939653933373063613733
38353438613135653665336633343835323765666664323333633333373261306233383331643961
31316661663833373234626466643138656362623361646463396336643837333162326562343631
66346663303063333166333436373631636361353338323064343430626239396630373430613332
35663930373465633937646634343866623939663361393537643936663563626437353939613565
35663932633736336530656335306130333930393139333162323237646532626535623633393361
36613137623232643963366332376361623131643932656434653365636137313435383362356334
34636635393461343265623035613430376666393562333035333162633962633964393333653030
31353730333538656565383930373135373635326430333261333439386462353564363338663530
63616433323161373437326337313637616532346263303530633237666263376334656161643334
36663538643965343438323532386330633032336436323861353532613233393835653732363332
33343730383330643035626533333664336661323531623334393061313438663232366264303065
33333037653261643736616136346638646561373830356433323262356537626432306638646363
39613563343362643239373737303238653431613264653133613665386334636534343730663931
64656330353930313035386464396435373461353064343734353835393465663735633137396130
35353666356631656439613864353364353632346337336431616637396261363736663765393632
34383765366437303839643965623538666331343363353565356333333237373535643661326261
36353464363037336261306165366264663166303263636433363862656364353831643638333862
66303534333164643030326335353731626435323739373266386234373839313835303939646439
35303136376363383063633233653932333963653662343039623938353435396536626135306165
35376139313438326561643031656461313362323763366131626438396462303739656635616134
32653061326563336239383332666336373065636464386230373761326238376236353861393637
37643165303939386636313235323139353233363134303135383739363766373666376662643133
33333537653136663433633539643363616162663332383565383930643764316366653532663938
34666536386137323236633636396630336130356461336230396136653061336338356364396232
61373965366339316663373432613262613561613531356433336564626431363836643738333462
37316565363230643961353337633031663231346330373436383232633236653330383430626261
66333238663331613033343434626632316231356464636566396334326434623038653563333830
30356334623939303962323662366566383130303736323335396138396261373735653632633531
39336166626331363363383265383066626631636164303963303163313837366166373137386438
63613537333965386465333037633636376365313466343131333663666135313261383863393939
61346234363632333636633035306238353062316336343239323263393236386630646566653663
63383061373534373131646666643031333431363737373039383064633034346363393164383262
31633436366238616236313035636333643930346235616564383133366335656463336234656132
39316339653238383961393436333632643866666366346437363939343630616461366132366632
33383936396633663030633930353431393237396365613465303462376166393965373439626230
30363964613739373961383466383165316564353962356139346633386533633931363637613562
63613538363265323961373430313662636138363561613639636434393830353239626136303138
33313133373338306235626532333137313564666139643534613437323038633133363063383664
37643738636130613361366332373462663430396231393063623733323662343038343866346161
32383136396139363762346132636438616666393138646161393363626262393063323161303866
34343266373264656236373861626435393261666339626436626635653339386166616330643638
32643764643537663632323564643839363066393135353638626366336231623639383738313831
32363566316437316566633266316534636332643330633962666134666330346535363633666361
34653462386633656435303735653833636237613338613966323832616133343032313931306538
35663361663834653333636236316430666234383261623963643831373862653332643936646666
63633939396162633966653334653862646566653465616138326232323561636564356137363633
61633535636238316561316336636535336239306238356462633361666262356439326261316266
38666162303238323633336333613633643333316636613736366266653833353039616633636364
31383035663232366230363530393236356533306563346635326563643761623132633836323536
61313830666436633538303663303363616562623739383737313437393361323062643061613131
33363933383264393436623162393466343363653339666431633437633664646537316564383063
34323065336465386235633434346339356532616466633339373039646635326134646333616137
31653937333665313665663433653930623232613634326261633661383261336337323263366161
33353065636339636534626136313133666133633866396565666433626462356465636339316263
38633836356234656336633964623335376339633135363739643332326266386264663038623835
38363232333931663832623236353132303436303764656134383363346230336261356261306463
61636130393435666431623933353837326633623365643833656132373864373330363036346634
31626139313662353766316534356137633734336631643737303732306137636331326336383536
62623265386666313537633162336233633562356436366336653366376464346465373939636338
34373936626133643562353338656364303164613363633830383564353135643030383030346533
34303061326437353937346332663937653131323934396362333032313262633631633933326461
36383832386333313866336238303664346336653039306636613037656562656165316264396534
36663133373830663765616332353162343466303033666535306438646562653031306436636433
65383736663763626432626232616138373933306134323566363465373462653833663435393233
38383565636461373039
